50
Manager
1
Collaborator 1
40
40
8
7
2
8
10
4
9
6
5
13
1 4
3 2
5 5
16 1
33 2
57 1
59 4
63 3
64 3
67 3
82 5
92 4
96 3
0
Programmer
2
Collaborator 2
45
45
8
9
7
3
10
1
5
6
2
15
14 5
21 1
25 4
39 4
42 3
44 5
46 3
49 5
50 1
61 5
66 3
71 1
72 2
73 1
76 2
0
Manager
3
Collaborator 3
35
30
9
2
8
4
10
7
5
6
1
9
11
3 3
5 5
37 1
38 1
43 1
61 3
67 1
68 5
82 4
94 1
100 5
0
Programmer
4
Collaborator 4
45
29
5
7
3
10
1
5
9
22 2
27 4
38 5
39 5
42 3
46 3
54 5
73 1
87 1
0
Tester
5
Collaborator 5
40
23
6
10
1
5
7
2
9
9
44 4
46 2
49 1
75 1
78 4
91 2
92 3
95 1
99 5
0
Tester
6
Collaborator 6
40
16
4
10
6
2
9
7
10 2
12 1
17 4
55 1
64 1
76 3
99 4
0
Tester
7
Collaborator 7
45
24
6
6
4
1
3
9
2
9
8 3
37 3
40 1
48 5
53 2
70 2
80 2
93 5
96 1
0
Manager
8
Collaborator 8
30
28
6
8
7
2
3
1
6
10
5 3
16 3
18 5
36 3
39 1
46 2
50 2
54 5
66 3
67 1
0
Architect
9
Collaborator 9
40
19
6
2
10
3
5
4
9
7
3 3
11 2
35 4
78 5
82 1
85 2
91 2
0
Manager
10
Collaborator 10
30
29
5
2
6
7
1
9
9
3 2
17 1
41 2
43 4
52 5
69 4
73 3
90 5
99 3
0
Architect
11
Collaborator 11
40
21
6
8
9
2
4
3
5
9
2 2
6 3
18 5
56 1
57 1
89 1
92 2
96 2
99 4
0
Manager
12
Collaborator 12
30
16
4
5
2
1
6
5
15 1
64 5
90 4
93 3
96 3
0
Architect
13
Collaborator 13
30
30
3
2
5
3
9
3 5
19 3
31 2
34 4
49 4
50 5
53 2
55 4
56 1
0
Architect
14
Collaborator 14
30
26
6
4
7
3
1
2
8
10
9 3
22 5
24 4
35 2
48 1
53 5
69 1
80 1
96 2
100 2
0
Programmer
15
Collaborator 15
45
29
7
8
6
5
7
4
2
10
11
2 2
8 2
15 1
17 3
20 2
47 3
52 2
55 2
58 3
80 4
87 5
0
Programmer
16
Collaborator 16
45
43
7
7
8
10
1
5
2
9
14
1 4
5 1
11 5
38 4
44 2
48 4
49 4
51 1
52 2
64 5
65 3
73 5
74 2
86 1
0
Tester
17
Collaborator 17
35
30
9
2
9
6
7
3
4
5
1
8
14
3 5
14 2
17 1
21 5
22 2
24 1
28 5
39 1
61 1
76 2
81 1
83 2
97 1
100 1
0
Tester
18
Collaborator 18
40
10
2
2
6
2
55 5
67 5
0
Architect
19
Collaborator 19
35
17
6
8
6
10
7
1
9
7
5 4
8 2
10 2
26 4
29 1
69 2
70 2
0
Tester
20
Collaborator 20
35
24
8
10
8
5
3
4
1
6
2
9
4 2
5 2
19 2
24 4
28 3
48 5
93 1
96 2
98 3
0
Tester
21
Collaborator 21
30
20
6
9
8
4
6
7
10
7
6 4
7 2
9 4
12 1
22 4
38 4
66 1
0
Architect
22
Collaborator 22
45
20
4
2
10
4
1
8
3 1
4 3
11 3
13 2
28 2
64 1
65 4
77 4
0
Programmer
23
Collaborator 23
35
30
6
2
6
7
5
9
10
10
3 3
12 4
30 4
31 1
59 2
63 2
72 5
75 2
76 5
95 2
0
Programmer
24
Collaborator 24
45
19
5
7
4
9
5
3
6
1 3
37 5
74 1
82 4
97 2
99 4
0
Tester
25
Collaborator 25
30
30
8
9
2
8
3
5
4
1
6
11
6 4
18 2
29 4
32 2
60 3
81 1
85 1
89 3
90 4
92 1
93 5
0
Architect
26
Collaborator 26
30
30
4
6
7
2
1
10
8 4
12 5
16 2
43 2
52 4
63 1
64 3
69 3
71 5
83 1
0
Tester
27
Collaborator 27
45
24
5
2
3
7
1
6
7
18 3
35 4
43 1
52 5
62 3
63 3
93 5
0
Manager
28
Collaborator 28
40
31
7
8
6
7
3
10
1
9
9
2 4
8 3
20 4
27 4
44 3
46 4
62 3
67 1
70 5
0
Manager
29
Collaborator 29
40
31
7
4
2
7
6
1
10
3
11
13 2
18 5
22 2
37 1
40 1
51 3
56 4
58 4
68 1
71 3
97 5
0
Tester
30
Collaborator 30
45
16
4
9
10
4
6
6
14 2
44 4
57 2
70 3
85 4
93 1
0
Architect
31
Collaborator 31
35
25
6
4
5
3
1
10
8
8
9 5
19 1
31 3
50 2
53 4
54 4
58 5
79 1
0
Programmer
32
Collaborator 32
35
28
9
8
4
10
6
7
3
1
9
2
10
7 5
9 1
11 4
17 3
22 2
32 1
46 3
74 4
77 1
84 4
0
Tester
33
Collaborator 33
30
23
6
8
7
2
3
1
5
8
2 1
16 3
18 1
27 4
36 4
83 4
92 5
97 1
0
Manager
34
Collaborator 34
30
28
6
8
5
7
10
2
1
9
2 2
15 1
26 5
38 5
43 5
63 2
69 1
82 5
96 2
0
Programmer
35
Collaborator 35
45
32
7
10
7
3
9
5
1
4
11
10 5
11 1
16 5
25 4
26 2
35 1
70 4
75 2
81 4
83 3
85 1
0
Manager
36
Collaborator 36
40
35
6
9
3
1
2
8
4
11
6 1
24 4
34 5
46 5
54 2
55 3
77 3
79 2
85 4
98 2
100 4
0
Tester
37
Collaborator 37
35
8
5
4
3
5
6
1
6
13 1
24 1
31 1
35 1
76 1
90 3
0
Programmer
38
Collaborator 38
35
31
8
2
5
3
4
7
1
6
10
9
18 4
19 4
27 3
37 5
45 4
48 4
52 3
67 3
95 1
0
Tester
39
Collaborator 39
40
40
7
9
8
6
4
1
2
5
13
6 2
7 2
17 3
23 5
29 4
54 5
56 1
64 5
71 5
76 1
81 4
83 2
92 1
0
Architect
40
Collaborator 40
35
19
5
10
4
7
1
9
6
10 3
23 2
26 4
43 5
51 4
91 1
0
Tester
41
Collaborator 41
40
36
8
7
4
3
2
10
9
1
6
13
16 4
22 3
23 2
32 3
42 5
43 1
53 1
55 5
58 1
59 2
69 2
71 5
93 2
0
Manager
42
Collaborator 42
40
40
7
8
9
4
7
3
6
5
12
5 5
6 2
7 1
9 4
16 4
34 5
36 3
40 2
42 5
45 4
49 1
50 4
0
Architect
43
Collaborator 43
30
29
7
7
3
6
1
10
2
9
11
22 4
27 2
30 3
40 1
41 2
48 4
58 2
72 2
73 2
76 4
94 3
0
Manager
44
Collaborator 44
35
34
7
7
5
10
6
2
8
1
14
16 1
19 3
31 1
38 4
41 1
56 4
58 3
63 2
64 5
79 3
82 2
90 2
92 1
96 2
0
Programmer
45
Collaborator 45
45
45
9
10
9
8
5
7
3
1
2
6
15
4 2
6 3
7 2
15 4
22 3
32 2
36 4
48 2
71 2
72 4
74 5
76 5
78 2
91 2
99 3
0
Architect
46
Collaborator 46
40
27
5
4
3
1
2
9
9
13 5
23 1
35 4
50 2
54 1
56 5
59 4
70 1
91 4
0
Programmer
47
Collaborator 47
45
38
9
6
4
5
7
10
1
2
9
8
14
8 2
9 4
15 2
20 3
23 4
41 5
44 2
57 3
68 1
80 1
85 1
95 5
99 1
100 4
0
Tester
48
Collaborator 48
30
30
5
6
5
7
3
2
10
8 2
15 1
16 3
24 3
25 1
34 4
35 5
55 5
56 3
73 3
0
Architect
49
Collaborator 49
45
27
7
4
5
2
1
9
3
8
9
28 4
31 4
55 3
57 2
62 4
70 1
89 2
94 4
98 3
0
Programmer
50
Collaborator 50
30
30
5
7
4
10
6
1
8
20 5
28 5
33 2
40 1
43 5
51 5
58 5
83 2
0
