10
1
Project 1
Type 1
4
8860
1432946441
8
19
34
44
48
53
66
68
71
28
2
6
16
17
21
25
36
23
28
41
47
3
10
27
42
49
29
30
40
4
8
12
31
32
35
19
13
43
2
Project 2
Type 2
4
9909
1448844041
13
7
12
14
22
24
32
33
42
60
75
77
79
91
36
21
25
31
40
10
14
28
32
35
37
16
22
24
43
45
23
46
12
15
27
50
9
17
18
48
4
33
42
44
2
8
34
41
26
38
47
3
Project 3
Type 3
5
9570
1448844041
11
6
8
13
27
31
39
41
72
88
98
100
36
3
15
18
47
9
4
32
34
36
43
2
10
13
22
46
48
6
28
35
40
44
45
1
16
19
24
8
31
37
26
30
42
29
23
38
41
4
Project 4
Type 4
5
8350
1456620041
6
20
28
35
65
81
90
23
10
17
25
41
11
19
28
38
45
48
1
16
21
47
20
37
49
5
15
43
2
14
33
5
Project 5
Type 5
2
8499
1446165641
12
5
11
23
25
36
45
47
50
52
76
84
89
32
8
34
40
4
18
20
30
46
3
19
24
35
37
21
2
9
41
43
25
50
1
36
5
11
42
6
23
33
38
44
47
48
6
Project 6
Type 6
1
8267
1432946441
10
1
4
29
38
78
82
86
92
94
99
36
7
19
20
21
24
34
41
44
49
10
31
43
45
4
27
29
40
12
15
16
25
42
5
8
9
6
22
38
32
17
28
30
48
14
35
47
7
Project 7
Type 7
1
7899
1432946441
15
15
26
46
49
54
58
59
61
62
63
67
69
73
85
87
40
13
35
41
42
12
25
26
37
47
8
17
31
36
40
50
10
14
22
29
9
15
34
2
6
43
38
45
11
16
21
39
20
28
30
18
23
27
32
44
1
8
Project 8
Type 8
4
10192
1443573641
12
9
16
17
18
37
43
51
55
56
64
74
80
37
10
20
36
37
41
43
49
28
29
32
6
40
45
39
50
3
4
35
44
7
14
16
19
21
42
46
47
11
22
33
26
38
1
2
30
17
24
9
Project 9
Type 9
4
11655
1443573641
8
2
3
21
30
40
70
83
95
28
3
13
17
26
32
48
22
46
20
36
38
39
40
44
49
31
42
43
18
23
27
28
33
34
35
7
37
29
10
Project 10
Type 10
3
8589
1438303241
5
10
57
93
96
97
17
1
4
16
29
30
42
46
47
50
5
24
33
38
39
2
10
31
