100
1
Task 1
Description 1
71
3
1 4
16 4
24 3
0
4
16
20
42
73
7
2
Task 2
Description 2
63
5
11 2
15 2
28 4
33 1
34 2
0
3
5
7
100
8
3
Task 3
Description 3
50
8
1 2
3 3
9 3
10 2
13 5
17 5
22 1
23 3
0
2
71
96
2
4
Task 4
Description 4
28
3
20 2
22 3
45 2
0
1
38
10
5
Task 5
Description 5
6
7
1 5
3 5
8 3
16 1
19 4
20 2
42 5
1
2
2
29
79
8
6
Task 6
Description 6
93
7
11 3
21 4
25 4
36 1
39 2
42 2
45 3
0
1
91
9
7
Task 7
Description 7
9
5
21 2
32 5
39 2
42 1
45 2
1
2
2
36
79
8
8
Task 8
Description 8
100
7
7 3
15 2
19 2
26 4
28 3
47 2
48 2
0
3
41
67
93
6
9
Task 9
Description 9
81
6
14 3
21 4
31 5
32 1
42 4
47 4
0
0
4
10
Task 10
Description 10
20
4
6 2
19 2
35 5
40 3
0
3
44
58
95
10
11
Task 11
Description 11
52
5
9 2
16 5
22 3
32 4
35 1
0
2
44
88
10
12
Task 12
Description 12
97
4
6 1
21 1
23 4
26 5
0
1
40
6
13
Task 13
Description 13
38
4
22 2
29 2
37 1
46 5
0
4
28
37
57
85
4
14
Task 14
Description 14
74
3
2 5
17 2
30 2
0
2
59
91
9
15
Task 15
Description 15
95
6
12 1
15 1
34 1
45 4
47 2
48 1
0
4
31
49
60
61
5
16
Task 16
Description 16
52
9
1 1
8 3
26 2
33 3
35 5
41 4
42 4
44 1
48 3
1
1
3
20
25
26
7
17
Task 17
Description 17
75
6
6 4
10 1
15 3
17 1
32 3
39 3
0
0
6
18
Task 18
Description 18
92
7
8 5
11 5
25 2
27 3
29 5
33 1
38 4
0
6
71
72
78
80
84
96
2
19
Task 19
Description 19
67
5
13 3
20 2
31 1
38 4
44 3
0
3
60
82
87
5
20
Task 20
Description 20
40
4
15 2
28 4
47 3
50 5
2
1
16
4
22
26
42
45
7
21
Task 21
Description 21
91
2
2 1
17 5
0
2
59
91
9
22
Task 22
Description 22
47
9
4 2
14 5
17 2
21 4
29 2
32 2
41 3
43 4
45 3
1
20
5
26
45
52
73
75
7
23
Task 23
Description 23
57
5
39 5
40 2
41 2
46 1
47 4
0
1
28
4
24
Task 24
Description 24
99
6
14 4
17 1
20 4
36 4
37 1
48 3
0
3
27
53
89
3
25
Task 25
Description 25
17
3
2 4
35 4
48 1
1
16
3
45
52
75
7
26
Task 26
Description 26
70
4
19 4
34 5
35 2
40 4
3
16
20
22
2
42
75
7
27
Task 27
Description 27
68
5
4 4
28 4
33 4
38 3
43 2
1
24
2
32
39
3
28
Task 28
Description 28
71
5
17 5
20 3
22 2
49 4
50 5
2
13
23
4
37
47
57
85
4
29
Task 29
Description 29
55
3
19 1
25 4
39 4
1
5
2
36
100
8
30
Task 30
Description 30
88
2
23 4
43 3
0
3
43
52
73
7
31
Task 31
Description 31
14
6
13 2
23 1
31 3
37 1
44 1
49 4
1
15
4
60
61
82
92
5
32
Task 32
Description 32
57
4
25 2
32 1
41 3
45 2
1
27
3
39
53
97
3
33
Task 33
Description 33
69
2
1 2
50 2
0
2
38
44
10
34
Task 34
Description 34
92
4
13 4
36 5
42 5
48 4
0
0
3
35
Task 35
Description 35
26
7
9 4
14 2
27 4
35 1
37 1
46 4
48 5
0
1
97
3
36
Task 36
Description 36
25
4
8 3
33 4
42 3
45 4
2
7
29
0
8
37
Task 37
Description 37
51
5
3 1
7 3
24 5
29 1
38 5
2
13
28
2
47
57
4
38
Task 38
Description 38
42
6
3 1
4 5
16 4
21 4
34 5
44 4
2
4
33
3
44
58
95
10
39
Task 39
Description 39
46
4
2 4
4 5
8 1
17 1
2
27
32
1
97
3
40
Task 40
Description 40
52
5
7 1
29 1
42 2
43 1
50 1
1
12
0
6
41
Task 41
Description 41
23
4
10 2
43 2
44 1
47 5
1
8
3
66
67
76
6
42
Task 42
Description 42
56
4
2 3
4 3
41 5
42 5
3
1
20
26
1
43
7
43
Task 43
Description 43
29
8
3 1
10 4
26 2
27 1
34 5
40 5
41 1
50 5
2
30
42
0
7
44
Task 44
Description 44
54
6
2 5
5 4
16 2
28 3
30 4
47 2
4
10
11
33
38
3
58
88
95
10
45
Task 45
Description 45
56
2
38 4
42 4
3
20
22
25
0
7
46
Task 46
Description 46
1
7
2 3
4 3
5 2
8 2
28 4
32 3
36 5
0
4
54
68
69
77
1
47
Task 47
Description 47
47
1
15 3
2
28
37
1
57
4
48
Task 48
Description 48
32
7
7 5
14 1
16 4
20 5
38 4
43 4
45 2
0
3
54
69
90
1
49
Task 49
Description 49
72
5
2 5
5 1
13 4
16 4
42 1
1
15
2
60
61
5
50
Task 50
Description 50
28
6
2 1
8 2
13 5
31 2
42 4
46 2
0
1
89
3
51
Task 51
Description 51
63
4
16 1
29 3
40 4
50 5
0
3
62
77
90
1
52
Task 52
Description 52
77
6
10 5
15 2
16 2
26 4
27 5
38 3
3
22
25
30
2
73
75
7
53
Task 53
Description 53
6
5
7 2
13 2
14 5
31 4
41 1
2
24
32
0
3
54
Task 54
Description 54
20
6
4 5
8 5
31 4
36 2
39 5
46 1
2
46
48
1
77
1
55
Task 55
Description 55
34
8
6 1
13 4
15 2
18 5
36 3
41 5
48 5
49 3
0
3
56
71
84
2
56
Task 56
Description 56
8
7
11 1
13 1
29 4
39 1
44 4
46 5
48 3
1
55
3
63
71
78
2
57
Task 57
Description 57
7
5
1 1
11 1
30 2
47 3
49 2
4
13
28
37
47
0
4
58
Task 58
Description 58
70
7
15 3
29 4
31 5
41 1
43 2
44 3
50 5
3
10
38
44
0
10
59
Task 59
Description 59
23
4
1 4
23 2
41 2
46 4
2
14
21
2
94
99
9
60
Task 60
Description 60
58
1
25 3
4
15
19
31
49
1
61
5
61
Task 61
Description 61
54
3
2 5
3 3
17 1
4
15
31
49
60
2
82
87
5
62
Task 62
Description 62
80
3
27 3
28 3
49 4
1
51
3
69
77
83
1
63
Task 63
Description 63
86
6
1 3
23 2
26 1
27 3
34 2
44 2
1
56
4
71
72
80
96
2
64
Task 64
Description 64
27
8
1 3
6 1
12 5
16 5
22 1
26 3
39 5
44 5
0
4
71
72
78
84
2
65
Task 65
Description 65
79
2
16 3
22 4
0
0
10
66
Task 66
Description 66
5
3
2 3
8 3
21 1
1
41
0
6
67
Task 67
Description 67
77
6
1 3
3 1
8 1
18 5
28 1
38 3
2
8
41
0
6
68
Task 68
Description 68
90
3
3 5
29 1
47 1
1
46
1
90
1
69
Task 69
Description 69
38
6
10 4
14 1
19 2
26 3
34 1
41 2
3
46
48
62
2
77
83
1
70
Task 70
Description 70
69
7
7 2
19 2
28 5
30 3
35 4
46 1
49 1
0
3
86
91
94
9
71
Task 71
Description 71
48
6
2 1
26 5
29 3
39 5
41 5
45 2
6
3
18
55
56
63
64
3
72
80
96
2
72
Task 72
Description 72
44
4
2 2
23 5
43 2
45 4
4
18
63
64
71
1
96
2
73
Task 73
Description 73
79
6
2 1
4 1
10 3
16 5
43 2
48 3
4
1
22
30
52
0
7
74
Task 74
Description 74
43
4
16 2
24 1
32 4
45 5
0
1
91
9
75
Task 75
Description 75
71
3
5 1
23 2
35 2
4
22
25
26
52
0
7
76
Task 76
Description 76
1
8
2 2
6 3
17 2
23 5
37 1
39 1
43 4
45 5
1
41
0
6
77
Task 77
Description 77
15
3
22 4
32 1
36 3
5
46
51
54
62
69
1
90
1
78
Task 78
Description 78
68
3
5 4
9 5
45 2
3
18
56
64
0
2
79
Task 79
Description 79
62
3
31 1
36 2
44 3
2
5
7
0
8
80
Task 80
Description 80
11
4
7 2
14 1
15 4
47 1
3
18
63
71
1
84
2
81
Task 81
Description 81
4
4
17 1
25 1
35 4
39 4
0
0
5
82
Task 82
Description 82
61
6
1 5
3 4
9 1
24 4
34 5
44 2
3
19
31
61
1
87
5
83
Task 83
Description 83
59
6
17 2
26 1
33 4
35 3
39 2
50 2
2
62
69
1
90
1
84
Task 84
Description 84
55
1
32 4
4
18
55
64
80
0
2
85
Task 85
Description 85
38
6
9 2
25 1
30 4
35 1
36 4
47 1
2
13
28
0
4
86
Task 86
Description 86
20
1
16 1
1
70
1
91
9
87
Task 87
Description 87
28
2
4 1
15 5
3
19
61
82
1
92
5
88
Task 88
Description 88
73
0
2
11
44
1
95
10
89
Task 89
Description 89
91
3
11 1
25 3
49 2
2
24
50
0
3
90
Task 90
Description 90
34
5
10 5
12 4
25 4
37 3
44 2
5
48
51
68
77
83
0
1
91
Task 91
Description 91
31
5
5 2
9 2
40 1
45 2
46 4
6
6
14
21
70
74
86
1
94
9
92
Task 92
Description 92
18
7
1 4
5 3
11 2
25 1
33 5
39 1
44 1
2
31
87
0
5
93
Task 93
Description 93
4
7
7 5
12 3
20 1
25 5
27 5
30 1
41 2
1
8
0
6
94
Task 94
Description 94
77
3
3 1
43 3
49 4
3
59
70
91
0
9
95
Task 95
Description 95
94
4
5 1
23 2
38 1
47 5
4
10
38
44
88
0
10
96
Task 96
Description 96
92
8
1 3
7 1
11 2
12 3
14 2
20 2
34 2
44 2
5
3
18
63
71
72
0
2
97
Task 97
Description 97
100
4
17 1
24 2
29 5
33 1
3
32
35
39
0
3
98
Task 98
Description 98
96
3
20 3
36 2
49 3
0
0
8
99
Task 99
Description 99
56
7
5 5
6 4
10 3
11 4
24 4
45 3
47 1
1
59
0
9
100
Task 100
Description 100
90
5
3 5
14 2
17 1
36 4
47 4
2
2
29
0
8
