10
1
Project 1
Type 1
2
10191
1445539250
9
5
16
17
22
64
71
73
91
93
28
15
16
25
28
47
50
11
23
30
44
4
19
40
49
6
9
29
36
31
22
43
48
8
13
20
24
3
12
2
Project 2
Type 2
3
8054
1434912050
12
2
14
20
28
33
59
60
65
69
74
80
94
40
2
30
32
38
9
17
41
45
50
8
14
27
35
39
44
6
15
19
31
43
46
4
34
1
49
3
28
13
23
40
47
11
29
18
21
20
7
12
24
36
3
Project 3
Type 3
5
11054
1442860850
9
9
10
19
26
50
52
54
79
100
31
13
31
38
45
34
6
18
22
28
48
7
40
23
29
37
44
47
50
3
30
35
1
19
27
42
49
21
14
11
2
46
4
Project 4
Type 4
2
9679
1458585650
10
1
13
21
27
30
45
51
63
66
78
37
15
16
20
24
27
37
39
17
34
42
1
7
13
22
41
44
46
4
28
45
49
30
6
9
43
11
19
32
14
38
21
23
25
47
2
36
3
5
Project 5
Type 5
2
8557
1440268850
9
29
34
38
43
46
47
75
76
77
35
15
17
20
28
50
2
19
11
21
32
47
48
37
8
12
16
22
42
46
49
18
30
27
29
40
25
41
14
23
36
43
9
31
7
38
6
Project 6
Type 6
2
8695
1434912050
13
3
4
7
11
24
32
58
72
84
87
89
96
99
35
9
22
35
38
40
42
48
49
16
50
19
21
12
15
11
20
32
3
4
17
24
29
6
37
39
34
41
44
36
31
47
2
25
1
46
7
Project 7
Type 7
5
9074
1455907250
5
31
40
56
67
88
29
3
17
24
25
46
6
11
16
22
27
35
36
45
47
9
21
23
30
32
44
19
49
2
8
13
40
39
12
37
8
Project 8
Type 8
2
7934
1455907250
15
12
15
23
36
37
42
49
61
62
68
81
83
90
97
98
40
8
27
31
34
1
11
25
46
48
28
40
6
9
13
15
29
30
3
14
24
36
44
37
49
2
16
22
50
7
19
20
32
12
42
39
43
45
23
35
47
9
Project 9
Type 9
1
8093
1453488050
9
18
39
41
44
55
57
82
85
95
33
8
17
18
48
3
4
19
49
1
6
23
25
37
29
2
14
15
21
22
34
38
43
46
50
45
12
27
40
42
7
16
13
31
10
Project 10
Type 10
5
10963
1453488050
9
6
8
25
35
48
53
70
86
92
30
8
9
18
31
16
38
3
13
14
22
27
40
2
28
44
15
24
36
39
41
32
34
48
11
42
47
6
4
35
30
