100
1
Task 1
Description 1
24
9
15 2
16 3
20 3
24 2
27 4
37 1
39 3
17 4
34 5
0
1
45
4
2
Task 2
Description 2
46
9
2 3
30 4
32 1
38 3
9 3
17 4
41 5
45 4
50 3
0
0
2
3
Task 3
Description 3
2
9
9 3
22 3
35 4
38 5
40 3
42 1
48 3
49 4
16 1
0
2
32
99
6
4
Task 4
Description 4
50
3
50 3
19 1
21 3
0
1
99
6
5
Task 5
Description 5
98
8
15 5
16 5
25 4
28 1
47 5
50 1
11 5
23 3
0
3
16
22
64
1
6
Task 6
Description 6
55
6
8 5
9 2
18 3
31 3
16 1
38 3
0
4
53
70
86
92
10
7
Task 7
Description 7
56
5
12 5
15 4
11 4
20 3
32 1
0
1
72
6
8
Task 8
Description 8
98
9
3 5
13 5
14 4
22 2
27 4
40 5
2 3
28 2
44 2
0
0
10
9
Task 9
Description 9
82
5
13 5
31 5
38 1
45 2
34 3
0
1
52
3
10
Task 10
Description 10
81
2
13 1
6 4
0
2
26
100
3
11
Task 11
Description 11
17
7
3 2
4 3
17 1
24 3
29 2
40 2
6 1
0
3
72
84
99
6
12
Task 12
Description 12
60
9
8 3
27 1
31 1
34 4
1 3
11 4
25 1
46 1
48 2
0
5
49
61
90
97
98
8
13
Task 13
Description 13
26
6
15 3
42 4
1 2
7 4
16 3
34 2
0
5
21
45
51
63
66
4
14
Task 14
Description 14
82
6
8 4
14 1
27 4
35 4
39 3
44 5
0
0
2
15
Task 15
Description 15
9
6
11 3
25 2
28 3
40 5
6 4
9 1
0
4
23
83
97
98
8
16
Task 16
Description 16
42
2
30 1
44 5
1
5
1
22
1
17
Task 17
Description 17
17
8
4 2
19 4
23 5
40 4
49 1
6 1
25 4
28 4
0
2
71
91
1
18
Task 18
Description 18
67
8
8 2
17 2
18 5
48 1
3 3
4 1
19 5
49 4
0
5
39
41
44
55
57
9
19
Task 19
Description 19
37
6
18 1
22 3
28 5
48 5
7 2
40 3
0
3
52
79
100
3
20
Task 20
Description 20
32
9
6 5
15 3
19 1
31 1
43 3
44 1
46 5
4 2
34 3
0
3
60
80
94
2
21
Task 21
Description 21
22
8
13 4
22 3
34 3
41 3
44 5
46 2
4 2
28 1
1
13
4
27
30
51
63
4
22
Task 22
Description 22
21
1
9 5
2
5
16
3
73
91
93
1
23
Task 23
Description 23
85
8
1 1
13 4
15 5
29 2
30 2
48 1
3 2
14 2
1
15
3
49
62
68
8
24
Task 24
Description 24
49
8
6 5
22 4
37 4
38 5
39 3
11 1
34 1
48 2
0
4
32
84
89
99
6
25
Task 25
Description 25
64
7
15 1
16 1
24 1
31 1
36 4
39 2
41 1
0
2
70
86
10
26
Task 26
Description 26
50
12
23 1
29 3
31 1
37 1
44 1
47 3
50 3
3 1
7 4
30 5
35 4
40 1
1
10
1
50
3
27
Task 27
Description 27
21
6
27 3
45 5
49 3
7 5
16 4
30 5
1
21
1
66
4
28
Task 28
Description 28
56
6
1 5
15 5
35 2
49 2
3 1
28 1
0
4
60
69
74
94
2
29
Task 29
Description 29
65
7
15 3
17 4
20 1
28 2
50 2
2 3
19 4
0
4
38
47
75
77
5
30
Task 30
Description 30
92
8
6 4
9 1
27 1
43 4
11 5
19 3
24 3
32 3
1
21
1
78
4
31
Task 31
Description 31
57
5
3 1
17 1
24 1
25 3
46 5
0
1
56
7
32
Task 32
Description 32
65
5
20 4
38 5
16 4
34 3
41 1
2
3
24
0
6
33
Task 33
Description 33
16
7
13 5
23 3
40 3
47 5
11 3
29 2
50 4
0
4
59
60
74
80
2
34
Task 34
Description 34
70
7
11 1
21 3
32 5
47 1
48 3
28 1
37 4
0
4
43
47
76
77
5
35
Task 35
Description 35
96
7
28 5
32 5
36 4
38 1
44 4
31 3
34 5
0
0
10
36
Task 36
Description 36
8
5
24 2
34 3
36 4
44 1
48 3
0
5
49
61
68
90
97
8
37
Task 37
Description 37
88
4
8 2
25 4
37 3
49 3
0
1
62
8
38
Task 38
Description 38
62
12
8 3
12 1
16 4
17 2
22 4
28 1
42 4
46 3
49 5
18 2
30 2
50 3
1
29
2
76
77
5
39
Task 39
Description 39
69
4
1 3
6 2
23 1
25 4
1
18
3
55
57
85
9
40
Task 40
Description 40
24
10
6 4
11 1
16 4
22 1
27 1
35 5
36 5
45 4
47 1
9 4
0
1
67
7
41
Task 41
Description 41
42
4
3 1
18 3
37 1
29 2
1
18
1
82
9
42
Task 42
Description 42
71
9
2 4
8 5
11 4
16 2
22 4
31 4
50 1
7 4
19 3
0
1
81
8
43
Task 43
Description 43
93
4
27 5
37 5
29 4
40 3
1
34
1
46
5
44
Task 44
Description 44
44
12
2 4
4 5
14 4
15 4
21 5
22 3
34 4
38 1
43 3
46 5
50 2
37 4
1
18
1
57
9
45
Task 45
Description 45
45
5
14 4
16 1
38 5
45 5
49 1
2
1
13
1
78
4
46
Task 46
Description 46
41
5
18 1
25 5
30 4
41 5
50 4
1
43
3
75
76
77
5
47
Task 47
Description 47
24
3
14 2
18 3
23 1
2
29
34
1
75
5
48
Task 48
Description 48
82
1
48 4
0
2
53
92
10
49
Task 49
Description 49
32
6
1 1
14 2
20 2
32 5
40 2
30 4
3
12
23
36
3
61
83
98
8
50
Task 50
Description 50
21
9
1 1
3 1
19 5
27 5
30 4
34 3
42 1
48 2
49 1
1
26
0
3
51
Task 51
Description 51
80
10
20 2
21 4
23 2
24 4
25 3
30 1
43 1
44 5
45 1
47 4
2
13
21
1
66
4
52
Task 52
Description 52
57
3
21 4
42 4
29 1
2
9
19
1
100
3
53
Task 53
Description 53
31
6
11 5
18 4
42 5
47 1
6 2
31 2
2
6
48
2
70
92
10
54
Task 54
Description 54
77
3
7 2
19 4
47 4
0
0
3
55
Task 55
Description 55
34
5
23 4
45 2
12 1
27 1
40 3
2
18
39
3
57
82
85
9
56
Task 56
Description 56
49
9
6 1
21 3
23 1
30 2
32 1
35 3
44 4
19 1
49 1
1
31
1
88
7
57
Task 57
Description 57
44
8
37 1
38 5
42 5
2 1
3 4
7 5
19 2
27 1
4
18
39
44
55
0
9
58
Task 58
Description 58
51
4
11 3
40 3
44 1
48 5
0
2
72
87
6
59
Task 59
Description 59
78
4
18 2
21 2
41 2
43 1
1
33
2
60
74
2
60
Task 60
Description 60
11
6
11 3
20 5
32 4
43 4
49 3
3 3
4
20
28
33
59
0
2
61
Task 61
Description 61
29
5
12 5
32 5
36 3
42 1
28 3
3
12
36
49
3
81
83
97
8
62
Task 62
Description 62
53
5
7 2
42 2
3 5
19 4
30 3
2
23
37
2
83
97
8
63
Task 63
Description 63
78
6
2 1
21 4
36 1
37 2
44 2
30 1
2
13
21
1
78
4
64
Task 64
Description 64
55
5
16 4
29 4
36 3
23 1
31 3
1
5
2
73
93
1
65
Task 65
Description 65
77
5
7 2
18 4
23 5
29 4
12 3
0
1
69
2
66
Task 66
Description 66
37
5
6 5
7 4
14 5
43 1
49 4
3
13
27
51
1
78
4
67
Task 67
Description 67
65
7
2 2
6 1
8 1
13 3
36 1
44 3
40 3
1
40
0
7
68
Task 68
Description 68
65
3
7 2
50 4
37 2
2
23
36
2
83
90
8
69
Task 69
Description 69
19
7
1 3
9 5
17 5
24 5
28 1
35 1
36 2
2
28
65
0
2
70
Task 70
Description 70
38
8
4 3
6 5
18 1
35 4
36 4
41 2
42 2
30 1
3
6
25
53
1
86
10
71
Task 71
Description 71
65
4
22 3
43 3
48 4
50 2
1
17
0
1
72
Task 72
Description 72
3
7
20 1
21 2
22 5
29 1
35 4
36 2
39 2
3
7
11
58
0
6
73
Task 73
Description 73
67
6
8 3
13 1
20 4
24 4
3 2
12 5
2
22
64
1
93
1
74
Task 74
Description 74
22
5
20 4
39 5
43 5
45 5
12 5
3
28
33
59
1
80
2
75
Task 75
Description 75
10
6
25 3
36 5
43 3
49 1
19 2
29 2
3
29
46
47
1
77
5
76
Task 76
Description 76
69
6
2 4
9 2
17 4
31 2
7 2
12 2
3
34
38
46
0
5
77
Task 77
Description 77
100
2
38 5
48 5
5
29
34
38
46
75
0
5
78
Task 78
Description 78
73
5
1 1
13 1
17 1
46 4
3 2
4
30
45
63
66
0
4
79
Task 79
Description 79
93
2
14 4
11 1
1
19
0
3
80
Task 80
Description 80
92
3
14 4
36 4
45 1
3
20
33
74
0
2
81
Task 81
Description 81
64
5
7 4
12 5
37 3
39 2
43 4
2
42
61
1
90
8
82
Task 82
Description 82
99
6
14 3
16 2
19 3
23 2
34 4
45 1
2
41
55
1
95
9
83
Task 83
Description 83
70
6
12 1
24 5
44 2
45 4
30 2
36 1
5
15
49
61
62
68
2
97
98
8
84
Task 84
Description 84
33
7
3 1
29 1
31 5
42 1
47 2
11 1
41 2
2
11
24
1
89
6
85
Task 85
Description 85
42
1
13 1
2
39
55
0
9
86
Task 86
Description 86
49
3
4 4
47 3
9 2
3
6
25
70
0
10
87
Task 87
Description 87
68
5
2 4
17 3
25 2
36 1
47 1
1
58
1
89
6
88
Task 88
Description 88
33
5
8 2
35 3
39 4
12 2
37 4
1
56
0
7
89
Task 89
Description 89
42
4
17 5
24 5
29 2
41 1
3
24
84
87
0
6
90
Task 90
Description 90
86
4
23 3
30 1
35 2
9 5
4
12
36
68
81
0
8
91
Task 91
Description 91
13
2
9 2
29 5
2
17
22
1
93
1
92
Task 92
Description 92
97
2
4 4
35 2
3
6
48
53
0
10
93
Task 93
Description 93
36
4
20 1
23 3
29 4
31 1
4
22
64
73
91
0
1
94
Task 94
Description 94
15
4
1 5
18 1
43 3
49 2
2
20
28
0
2
95
Task 95
Description 95
80
5
31 5
49 3
50 1
34 1
45 1
1
82
0
9
96
Task 96
Description 96
91
2
1 5
46 4
0
0
6
97
Task 97
Description 97
6
4
37 1
39 1
44 4
47 2
6
12
15
36
61
62
83
0
8
98
Task 98
Description 98
99
3
2 3
30 2
37 3
4
12
15
49
83
0
8
99
Task 99
Description 99
77
4
12 5
17 4
39 5
47 3
4
3
4
11
24
0
6
100
Task 100
Description 100
49
4
2 3
38 1
46 1
37 1
3
10
19
52
0
3
